2 0.14501679731243 0.2109468161221082 0.0757745427398283 0.0400667779632721 
2 0.6614408361328854 0.3175530646315287 0.0670026129152669 0.033508227999046 
2 0.4731243001119821 0.379084187932268 0.0524449421425905 0.0373241116145957 
2 0.5238895110115714 0.8171953255425709 0.0559910414333706 0.0256379680419747 
2 0.3223217618514371 0.7758168375864536 0.0546845837999253 0.0310040543763415 
2 0.2092198581560283 0.5090627235869306 0.0535647629712579 0.0271881707607917 
2 0.7991787980589772 0.2104698306701645 0.0772676371780515 0.0391128070593846 
2 0.2793952967525196 0.3185070355354161 0.0670026129152669 0.031719532554257 
2 0.2110862262038074 0.6956832816599093 0.0505785740948115 0.028499880753637 
2 0.4695782008212019 0.1455998092058192 0.7364688316536021 0.0773908895778678 
2 0.2107129525942515 0.421058907703315 0.0612168719671519 0.0298115907464822 
2 0.2110862262038074 0.6088719294061531 0.0505785740948115 0.0271881707607917 
2 0.6806644270250093 0.7758168375864536 0.0559910414333706 0.0287383734796088 
